  0
SECTION
  2
HEADER
  9
$ACADVER
  1
AC1009
  9
$EXTMIN
 10
0.0
 20
0.0
 30
0.0
  9
$EXTMAX
 10
1000.0
 20
1000.0
 30
0.0
  9
$FILLMODE
 70
 0
  9
$SPLFRAME
 70
 1
  0
ENDSEC
  0
SECTION
  2
TABLES
  0
TABLE
  2
LAYER
 70
1
  0
LAYER
  2
0
 70
     0
 62
     7
  6
CONTINUOUS
  0
ENDTAB
  0
ENDSEC
  0
SECTION
  2
ENTITIES
  0
POLYLINE
  8
0
 62
     0
 66
     1
 10
0
 20
0
 30
0.0
 70
     1
 40
72
 41
72
  0
VERTEX
  8
0
 10
0.5
 20
0.511122
 30
0.0
 40
1
 41
1
  0
VERTEX
  8
0
 10
0.5
 20
57.9303
 30
0.0
 40
1
 41
1
  0
VERTEX
  8
0
 10
48.9269
 20
40.3043
 30
0.0
 40
1
 41
1
  0
VERTEX
  8
0
 10
50.6029
 20
44.9087
 30
0.0
 40
1
 41
1
  0
VERTEX
  8
0
 10
0.5
 20
63.1447
 30
0.0
 40
1
 41
1
  0
VERTEX
  8
0
 10
0.5
 20
87.9303
 30
0.0
 40
1
 41
1
  0
VERTEX
  8
0
 10
48.9269
 20
70.3043
 30
0.0
 40
1
 41
1
  0
VERTEX
  8
0
 10
50.6029
 20
74.9088
 30
0.0
 40
1
 41
1
  0
VERTEX
  8
0
 10
0.5
 20
93.1447
 30
0.0
 40
1
 41
1
  0
VERTEX
  8
0
 10
0.5
 20
117.93
 30
0.0
 40
1
 41
1
  0
VERTEX
  8
0
 10
48.9269
 20
100.304
 30
0.0
 40
1
 41
1
  0
VERTEX
  8
0
 10
50.6029
 20
104.909
 30
0.0
 40
1
 41
1
  0
VERTEX
  8
0
 10
0.5
 20
123.145
 30
0.0
 40
1
 41
1
  0
VERTEX
  8
0
 10
0.5
 20
147.931
 30
0.0
 40
1
 41
1
  0
VERTEX
  8
0
 10
48.9269
 20
130.304
 30
0.0
 40
1
 41
1
  0
VERTEX
  8
0
 10
50.6029
 20
134.909
 30
0.0
 40
1
 41
1
  0
VERTEX
  8
0
 10
0.5
 20
153.144
 30
0.0
 40
1
 41
1
  0
VERTEX
  8
0
 10
0.5
 20
177.931
 30
0.0
 40
1
 41
1
  0
VERTEX
  8
0
 10
48.9269
 20
160.304
 30
0.0
 40
1
 41
1
  0
VERTEX
  8
0
 10
50.6029
 20
164.908
 30
0.0
 40
1
 41
1
  0
VERTEX
  8
0
 10
0.5
 20
183.144
 30
0.0
 40
1
 41
1
  0
VERTEX
  8
0
 10
0.5
 20
207.931
 30
0.0
 40
1
 41
1
  0
VERTEX
  8
0
 10
48.9269
 20
190.304
 30
0.0
 40
1
 41
1
  0
VERTEX
  8
0
 10
50.6029
 20
194.908
 30
0.0
 40
1
 41
1
  0
VERTEX
  8
0
 10
0.5
 20
213.144
 30
0.0
 40
1
 41
1
  0
VERTEX
  8
0
 10
0.5
 20
237.931
 30
0.0
 40
1
 41
1
  0
VERTEX
  8
0
 10
48.9269
 20
220.304
 30
0.0
 40
1
 41
1
  0
VERTEX
  8
0
 10
50.6029
 20
224.908
 30
0.0
 40
1
 41
1
  0
VERTEX
  8
0
 10
0.5
 20
243.144
 30
0.0
 40
1
 41
1
  0
VERTEX
  8
0
 10
0.5
 20
248.928
 30
0.0
 40
1
 41
1
  0
VERTEX
  8
0
 10
50.6169
 20
230.688
 30
0.0
 40
1
 41
1
  0
VERTEX
  8
0
 10
50.6169
 20
265.611
 30
0.0
 40
1
 41
1
  0
VERTEX
  8
0
 10
75.6
 20
265.611
 30
0.0
 40
1
 41
1
  0
VERTEX
  8
0
 10
75.6
 20
0.511122
 30
0.0
 40
1
 41
1
  0
VERTEX
  8
0
 10
0.5
 20
0.511122
 30
0.0
 40
1
 41
1
  0
SEQEND
 8
0
  0
POLYLINE
  8
0
 62
     0
 66
     1
 10
0
 20
0
 30
0.0
 40
72
 41
72
  0
VERTEX
  8
0
 10
75.6
 20
0.511122
 30
0.0
 40
1
 41
1
  0
VERTEX
  8
0
 10
100.583
 20
0.511122
 30
0.0
 40
1
 41
1
  0
VERTEX
  8
0
 10
100.583
 20
35.4353
 30
0.0
 40
1
 41
1
  0
VERTEX
  8
0
 10
150.7
 20
17.1942
 30
0.0
 40
1
 41
1
  0
VERTEX
  8
0
 10
150.7
 20
22.9775
 30
0.0
 40
1
 41
1
  0
VERTEX
  8
0
 10
100.597
 20
41.2135
 30
0.0
 40
1
 41
1
  0
VERTEX
  8
0
 10
102.273
 20
45.8179
 30
0.0
 40
1
 41
1
  0
VERTEX
  8
0
 10
150.7
 20
28.1919
 30
0.0
 40
1
 41
1
  0
VERTEX
  8
0
 10
150.7
 20
52.9775
 30
0.0
 40
1
 41
1
  0
VERTEX
  8
0
 10
100.597
 20
71.2135
 30
0.0
 40
1
 41
1
  0
VERTEX
  8
0
 10
102.273
 20
75.8179
 30
0.0
 40
1
 41
1
  0
VERTEX
  8
0
 10
150.7
 20
58.1919
 30
0.0
 40
1
 41
1
  0
VERTEX
  8
0
 10
150.7
 20
82.9775
 30
0.0
 40
1
 41
1
  0
VERTEX
  8
0
 10
100.597
 20
101.213
 30
0.0
 40
1
 41
1
  0
VERTEX
  8
0
 10
102.273
 20
105.818
 30
0.0
 40
1
 41
1
  0
VERTEX
  8
0
 10
150.7
 20
88.1919
 30
0.0
 40
1
 41
1
  0
VERTEX
  8
0
 10
150.7
 20
112.977
 30
0.0
 40
1
 41
1
  0
VERTEX
  8
0
 10
100.597
 20
131.213
 30
0.0
 40
1
 41
1
  0
VERTEX
  8
0
 10
102.273
 20
135.818
 30
0.0
 40
1
 41
1
  0
VERTEX
  8
0
 10
150.7
 20
118.192
 30
0.0
 40
1
 41
1
  0
VERTEX
  8
0
 10
150.7
 20
142.978
 30
0.0
 40
1
 41
1
  0
VERTEX
  8
0
 10
100.597
 20
161.214
 30
0.0
 40
1
 41
1
  0
VERTEX
  8
0
 10
102.273
 20
165.818
 30
0.0
 40
1
 41
1
  0
VERTEX
  8
0
 10
150.7
 20
148.192
 30
0.0
 40
1
 41
1
  0
VERTEX
  8
0
 10
150.7
 20
172.978
 30
0.0
 40
1
 41
1
  0
VERTEX
  8
0
 10
100.597
 20
191.214
 30
0.0
 40
1
 41
1
  0
VERTEX
  8
0
 10
102.273
 20
195.818
 30
0.0
 40
1
 41
1
  0
VERTEX
  8
0
 10
150.7
 20
178.192
 30
0.0
 40
1
 41
1
  0
VERTEX
  8
0
 10
150.7
 20
202.978
 30
0.0
 40
1
 41
1
  0
VERTEX
  8
0
 10
100.597
 20
221.214
 30
0.0
 40
1
 41
1
  0
VERTEX
  8
0
 10
102.273
 20
225.818
 30
0.0
 40
1
 41
1
  0
VERTEX
  8
0
 10
150.7
 20
208.192
 30
0.0
 40
1
 41
1
  0
VERTEX
  8
0
 10
150.7
 20
265.611
 30
0.0
 40
1
 41
1
  0
VERTEX
  8
0
 10
75.6
 20
265.611
 30
0.0
 40
1
 41
1
  0
SEQEND
 8
0
  0
ENDSEC
  0
EOF
